4294967279,86
4294967279,85
4294967279,84
4294967279,83
4294967293,131
4294967293,130
4294967293,129
4294967293,128
4294967293,127
4294967293,126
4294967293,125
4294967293,124
4294967293,123
4294967293,122
4294967293,121
4294967293,120
4294967293,119
4294967293,118
4294967293,117
4294967293,116
4294967293,115
4294967293,114
4294967293,113
4294967293,112
4294967293,111
4294967293,110
4294967293,109
4294967293,108
4294967293,107
4294967293,106
4294967293,105
4294967293,104
4294967293,103
4294967293,102
4294967293,101
4294967293,100
4294967293,99
4294967293,98
4294967293,97
4294967293,96
4294967293,95
4294967293,94
4294967293,93
4294967293,92
4294967293,91
4294967293,90
4294967293,89
4294967293,87
4294967293,86
4294967293,85
4294967293,84
4294967293,83
4294967293,82
4294967293,81
4294967293,80
4294967293,79
4294967293,78
4294967293,77
4294967293,76
4294967293,75
4294967293,74
4294967293,73
4294967293,72
4294967293,71
4294967293,70
4294967293,69
4294967293,68
4294967293,67
4294967293,66
4294967293,65
4294967293,64
4294967293,63
4294967293,62
4294967293,61
4294967293,60
4294967293,59
4294967293,58
4294967293,57
4294967293,56
4294967293,55
4294967293,54
4294967293,53
4294967293,52
4294967293,51
4294967293,50
4294967293,49
4294967293,48
4294967293,47
4294967293,46
4294967293,45
4294967293,44
4294967293,43
4294967293,42
4294967293,41
4294967293,40
4294967293,39
4294967293,38
4294967293,37
4294967293,36
4294967293,35
4294967293,34
4294967293,33
4294967293,32
4294967293,31
4294967293,30
4294967293,29
4294967293,28
4294967293,27
4294967293,26
4294967293,25
4294967293,24
4294967293,23
4294967293,22
4294967293,21
4294967293,20
4294967293,19
4294967293,18
4294967293,17
4294967293,16
4294967293,15
4294967293,14
4294967293,13
4294967293,12
4294967293,11
4294967293,10
4294967293,9
4294967293,8
4294967293,7
4294967293,6
4294967293,5
4294967293,4
4294967293,3
4294967278,129
4294967278,118
4294967278,117
4294967278,116
4294967278,115
4294967278,113
4294967278,112
4294967278,110
4294967278,109
4294967278,108
4294967278,107
4294967278,106
4294967278,105
4294967278,103
4294967278,102
4294967278,82
4294967278,78
4294967278,359
4294967278,558
4294967278,77
4294967278,75
4294967278,74
4294967278,73
4294967278,72
4294967278,71
4294967278,70
4294967278,68
4294967278,67
4294967278,544
4294967278,66
4294967278,65
4294967278,64
4294967278,63
4294967278,62
4294967278,513
4294967278,61
4294967278,358
4294967278,60
4294967278,59
4294967278,318
4294967278,58
4294967278,321
4294967278,57
4294967278,56
4294967278,55
4294967278,54
4294967278,53
4294967278,52
4294967278,312
4294967278,51
4294967278,50
4294967278,49
4294967278,48
4294967278,47
4294967278,46
4294967278,302
4294967278,45
4294967278,572
4294967278,44
4294967278,43
4294967278,42
4294967278,41
4294967278,40
4294967278,290
4294967278,39
4294967278,35
4294967278,34
4294967278,33
4294967278,30
4294967278,28
4294967278,24
4294967278,23
4294967278,18
4294967278,14
4294967278,281
4294967278,13
4294967278,260
4294967278,9
4294967278,0
4294967278,538
4294967278,325
4294967278,4
4294967279,127
4294967279,124
4294967279,107
4294967279,92
4294967279,91
4294967279,90
4294967279,89
4294967279,87
4294967279,333
4294967279,78
4294967279,380
4294967279,77
4294967279,75
4294967279,74
4294967279,329
4294967279,72
4294967279,71
4294967279,70
4294967279,68
4294967279,358
4294967279,67
4294967279,60
4294967279,323
4294967279,59
4294967279,58
4294967279,55
4294967279,417
4294967279,317
4294967279,52
4294967279,46
4294967279,40
4294967279,35
4294967279,30
4294967279,260
4294967279,174
4294967279,88
4294967279,0
4294967279,346
4294967294,5
4294967294,1426
4294967294,950
4294967294,2056
4294967294,2059
4294967278,574
4294967278,516
4294967279,419
4294967279,308
4294967279,307
4294967294,1112
4294967294,923
4294967294,178
4294967294,482
4294967294,295
4294967294,476
4294967294,478
4294967294,293
4294967294,292
4294967294,290
4294967294,289
4294967294,666
4294967294,286
4294967294,285
4294967294,665
4294967294,281
4294967294,280
4294967294,501
4294967294,279
4294967294,278
4294967294,275
4294967294,922
4294967294,271
4294967294,267
4294967294,263
4294967294,262
4294967294,261
4294967294,260
4294967294,258
4294967294,257
4294967294,253
4294967294,251
4294967294,249
4294967294,248
4294967294,247
4294967294,246
4294967294,245
4294967294,244
4294967294,645
4294967294,239
4294967294,238
4294967294,235
4294967294,661
4294967294,232
4294967294,231
4294967294,230
4294967294,2057
4294967294,226
4294967294,225
4294967294,224
4294967294,222
4294967294,220
4294967294,560
4294967294,71
4294967294,217
4294967294,216
4294967294,212
4294967294,427
4294967294,659
4294967294,72
4294967294,210
4294967294,209
4294967294,658
4294967294,207
4294967294,206
4294967294,203
4294967294,202
4294967294,201
4294967294,200
4294967294,199
4294967294,657
4294967294,640
4294967294,485
4294967294,655
4294967294,197
4294967294,196
4294967294,195
4294967294,70
4294967294,193
4294967294,829
4294967294,828
4294967294,826
4294967294,825
4294967294,823
4294967294,822
4294967294,819
4294967294,817
4294967294,815
4294967294,813
4294967294,810
4294967294,1573
4294967294,808
4294967294,807
4294967294,804
4294967294,803
4294967294,801
4294967294,800
4294967294,799
4294967294,796
4294967294,795
4294967294,794
4294967294,792
4294967294,790
4294967294,788
4294967294,787
4294967294,786
4294967294,914
4294967294,785
4294967294,952
4294967294,784
4294967294,1572
4294967294,664
4294967294,783
4294967294,780
4294967294,777
4294967294,775
4294967294,773
4294967294,1570
4294967294,769
4294967294,1571
4294967294,1108
4294967294,767
4294967294,1569
4294967294,1141
4294967294,2054
4294967294,762
4294967294,760
4294967294,759
4294967294,758
4294967294,1568
4294967294,1129
4294967294,757
4294967294,756
4294967294,754
4294967294,752
4294967294,1139
4294967294,744
4294967294,742
4294967294,104
4294967294,106
4294967294,1567
4294967294,99
1,0
4294967294,107
4294967294,732
4294967294,731
4294967294,1114
4294967294,730
4294967294,729
4294967294,519
4294967294,521
4294967294,726
4294967294,2052
4294967294,723
4294967294,1438
4294967294,722
4294967294,719
4294967294,718
4294967294,714
4294967294,713
4294967294,711
4294967294,1098
4294967294,710
4294967294,1564
4294967294,393
4294967294,1107
4294967294,706
4294967294,441
4294967294,639
4294967294,1566
4294967294,1565
4294967294,1100
4294967294,637
4294967294,635
4294967294,634
4294967294,630
4294967294,951
4294967294,629
4294967294,628
4294967294,1563
4294967294,625
4294967294,622
4294967294,1624
4294967294,621
4294967294,620
4294967294,619
4294967294,616
4294967294,1562
4294967294,614
4294967294,609
4294967294,602
4294967294,600
4294967294,598
4294967294,597
4294967294,595
4294967294,590
4294967294,1111
4294967294,588
4294967294,1135
4294967294,587
4294967294,585
4294967294,582
4294967294,581
4294967294,580
4294967294,578
4294967294,577
4294967294,576
4294967294,1134
4294967294,568
4294967294,566
4294967294,565
4294967294,563
4294967294,559
4294967294,558
4294967294,572
4294967294,555
4294967294,1417
4294967294,549
4294967294,2050
4294967294,546
4294967294,1561
4294967294,545
4294967294,987
4294967294,544
4294967294,543
4294967294,542
4294967294,540
4294967294,539
4294967294,537
4294967294,536
4294967294,814
4294967294,811
4294967294,424
4294967294,522
4294967294,1109
4294967294,1439
4294967294,1140
4294967294,1424
4294967294,46
4294967294,1103
4294967294,51
4294967294,53
4294967294,1603
4294967294,52
4294967294,2
4294967294,8
4294967279,306
4294967278,357
4294967278,535
4294967278,356
4294967279,415
4294967279,414
4294967278,353
4294967278,297
4294967278,550
4294967278,553
4294967278,352
4294967278,272
4294967279,413
4294967279,412
4294967279,411
4294967279,410
4294967278,355
4294967278,350
4294967279,338
4294967278,354
4294967278,512
4294967278,316
4294967279,321
4294967278,288
4294967279,304
4294967294,1090
4294967294,2051
4294967294,167
4294967294,1560
4294967294,1133
4294967294,1559
4294967294,1558
4294967294,1557
4294967294,1
4294967294,2049
4294967294,1555
4294967294,2048
4294967294,1553
4294967294,433
4294967294,144
4294967294,1415
4294967294,1094
4294967294,899
4294967294,83
4294967294,1600
4294967294,92
4294967294,91
4294967294,90
4294967294,88
4294967294,87
4294967294,86
4294967294,85
4294967294,26
4294967294,1131
4294967294,1132
4294967294,1120
4294967294,29
4294967294,28
4294967294,27
4294967294,25
4294967294,693
4294967294,1550
4294967294,1612
4294967294,45
4294967294,43
4294967294,44
4294967294,3
4294967294,82
4294967294,1130
4294967294,1549
4294967294,512
4294967294,1548
4294967294,672
4294967294,1609
4294967294,1617
4294967294,989
4294967294,990
4294967294,1547
4294967294,1615
4294967294,991
4294967294,1546
4294967294,1613
4294967294,520
4294967294,1607
4294967294,1545
4294967294,1606
4294967294,1544
4294967294,126
4294967294,1468
4294967294,1610
4294967294,1540
4294967294,1469
4294967294,1539
4294967294,1601
4294967294,1536
4294967294,1537
4294967294,454
4294967294,425
4294967294,431
4294967294,534
4294967294,395
4294967294,127
4294967294,1470
4294967294,432
4294967294,443
4294967294,392
4294967294,1467
4294967294,471
4294967294,513
4294967294,1459
4294967294,1088
4294967294,423
4294967294,1451
4294967294,527
4294967294,430
4294967294,687
4294967294,686
4294967294,84
4294967294,1138
4294967294,1137
4294967294,125
4294967294,1475
4294967294,1474
4294967294,1473
4294967294,1472
4294967294,383
4294967294,381
4294967294,382
4294967294,380
4294967294,379
4294967294,378
4294967294,377
4294967294,376
4294967294,375
4294967294,374
4294967294,373
4294967294,372
4294967294,371
4294967294,1421
4294967278,287
4294967278,536
4294967278,351
4294967279,225
4294967279,335
4294967279,366
4294967278,348
4294967279,332
4294967279,409
4294967279,408
4294967279,336
4294967279,324
4294967278,315
4294967278,298
4294967278,343
4294967279,227
4294967278,349
4294967279,405
4294967279,345
4294967278,341
4294967278,340
4294967278,339
4294967278,338
4294967278,347
4294967278,337
4294967279,331
